316
0.902258 -0.123235 0.249900
0.580629 0.018980 0.266947
0.675079 -0.213376 0.428539
0.782997 -0.032564 0.288295
0.617108 -0.030036 0.335211
0.811016 -0.885768 0.221310
0.587458 -0.857098 0.322702
0.561540 -0.994523 0.140526
0.701682 -0.876117 0.293015
0.720037 -0.979399 0.142226
0.844850 -0.122146 -0.349676
0.617322 -0.134620 -0.475203
0.764912 -0.133887 -0.434574
0.680526 -0.064121 -0.380185
0.580733 -0.053117 -0.419431
0.348052 -1.054499 -0.305832
0.501908 -1.035497 -0.368228
-0.557134 -0.189038 0.364880
-0.283455 -0.128084 0.393619
-0.359608 0.027367 0.333147
-0.467785 -0.177370 0.409204
-0.488863 -0.032302 0.401671
-0.326764 0.009825 0.392996
-0.554468 -0.019279 0.352533
-0.120283 -0.975662 0.266475
-0.199013 -0.760674 0.345723
-0.250915 -0.898911 0.351628
-0.432709 -0.124460 -0.388367
-0.409128 0.016058 -0.263063
-0.603811 -0.170166 -0.283057
-0.558631 -0.059537 -0.269931
-0.404174 -0.011347 -0.360597
-0.243823 -0.934793 -0.162482
-0.517314 -1.095500 -0.083595
-0.578278 -1.095514 -0.156620
-0.424453 -0.853685 -0.202348
-0.262439 -0.874390 -0.223597
0.307452 -0.126193 -0.498385
-0.065765 -0.118660 -0.482006
-0.055890 0.025007 -0.363666
0.308108 -0.027460 -0.467800
0.235771 -0.148612 -0.501814
-0.038249 -0.014693 -0.464595
-0.108825 -0.837747 -0.411834
0.348945 -0.960927 -0.435566
-0.114934 -0.915802 -0.334471
0.328489 -1.007985 -0.379479
-0.082783 -0.954711 -0.264041
-0.047562 -0.112494 0.394725
0.333659 -0.025180 0.363653
-0.064326 0.051192 0.273181
0.150244 -0.015673 0.355433
0.134297 0.034854 0.266751
-0.066320 0.028140 0.362658
-0.002469 -0.937651 0.251959
0.238319 -0.912701 0.196949
-0.002618 -0.748015 0.346340
-0.013753 -0.860005 0.308245
-0.147091 -0.908300 0.350789
0.239559 -0.843755 0.276533
0.980750 -0.509713 0.258880
0.828543 -0.166010 0.344078
1.022001 -0.304297 -0.449204
0.974849 -0.591781 -0.459539
0.676898 -0.288718 -0.545218
1.025905 -0.421261 -0.465812
0.920744 -0.431903 -0.542728
0.836435 -0.623778 -0.547365
0.740174 -0.395845 -0.580829
-0.469452 -0.303129 -0.391489
-0.387528 -0.572126 -0.342988
-0.670500 -0.721410 -0.248613
-0.649020 -0.329926 -0.312509
-0.585337 -0.649546 -0.324673
-0.721067 -0.663474 -0.141240
-0.695071 -0.539576 -0.156383
-0.492352 -0.489220 0.346752
-0.245213 -0.390054 0.418681
-0.360686 -0.609836 0.327858
-0.302903 -0.714267 0.329254
-0.205255 -0.545406 0.424346
-0.044293 -0.326381 0.453973
-0.100173 -0.608429 0.434345
0.307037 -0.516539 0.510713
0.060801 -0.413397 0.510988
0.054136 -0.477458 0.513251
0.069640 -0.574264 0.484396
-0.096790 -0.314315 -0.446480
0.311130 -0.317481 -0.507358
0.242959 -0.610883 -0.527657
-0.105376 -0.578030 -0.448986
-0.109396 -0.460467 -0.421821
-0.681956 -1.126596 -0.185607
-0.029363 -1.171737 0.292342
-0.682694 -0.828179 0.462371
-0.641212 -0.665119 0.423186
0.681427 -0.002533 -0.049536
0.968997 -0.108445 -0.120803
0.453510 -1.092703 -0.180324
0.636982 -1.064019 -0.246545
-0.623496 -0.057900 -0.065678
-0.610689 -0.059291 0.004298
-0.092088 -0.959421 -0.127123
0.207679 -1.060305 -0.151761
-0.088563 -0.980115 -0.000521
0.031403 -1.013464 -0.159169
0.296323 0.007913 -0.369766
0.402366 0.020394 -0.025837
0.171672 0.006619 -0.371157
-0.569509 -0.446907 0.125689
-0.659024 -0.500816 0.010969
1.085238 -0.247022 -0.290590
1.121150 -0.417838 -0.316359
1.113522 -0.250341 -0.169086
1.119116 -0.566258 -0.150417
-0.607575 -1.046281 -0.202611
-0.835234 -0.884207 0.110929
-0.713222 -0.621777 0.163124
0.961524 -0.121468 0.134691
0.996233 -0.117423 -0.039111
0.862885 -0.017007 0.138774
0.878381 -0.030753 -0.014858
0.818600 -0.990106 -0.143038
0.504661 -1.085035 -0.076692
0.665613 -1.064614 -0.129241
-0.423233 0.014319 -0.025379
-0.595930 -0.022074 0.234195
-0.529514 -0.010111 0.051796
-0.080210 -1.000220 0.087608
-0.096888 -0.994429 0.207562
-0.356431 -1.094512 0.067853
0.239143 -1.044264 -0.022821
0.239657 -0.973350 0.117008
0.005731 -0.958801 0.193990
-0.000832 -0.988694 -0.012266
-0.045579 0.027752 -0.046365
0.669605 0.022472 0.144677
-0.555022 -0.280940 0.280222
-0.655433 -0.581971 0.112184
-0.478567 -0.563919 0.308339
1.108806 -0.253852 -0.091973
1.065073 -0.311446 0.104226
1.060268 -0.537628 0.125436
1.153564 -0.427385 -0.152603
-0.420610 -1.155677 0.097643
-0.788973 -0.836426 0.373102
-0.637347 -0.622903 0.302662
0.694509 -0.862388 -0.487437
-0.330680 -0.682673 -0.322598
-0.212984 -0.727317 0.383021
-0.290203 -0.853350 0.462820
0.292362 -0.616496 0.487908
-0.102784 -0.715946 -0.462349
0.955480 -0.830563 -0.293559
1.002562 -0.825444 -0.173963
1.020439 -0.803755 -0.081702
0.571734 -0.743612 0.403252
0.717442 -0.968884 -0.377568
-0.464707 -0.811001 -0.248968
-0.298957 -0.738392 -0.289739
-0.254887 -0.837683 0.376371
-0.139814 -0.726122 0.376453
0.161038 -0.846321 -0.472520
-0.682921 -1.079275 -0.060131
-0.748407 -1.070030 0.122005
0.939266 -0.912701 -0.130040
0.844311 -0.925690 0.089023
0.754958 -0.786016 0.331840
0.462582 -0.867603 -0.502753
0.277101 -0.706625 0.421679
0.863920 -0.929210 -0.282126
0.970913 -0.300434 0.250592
0.849206 -0.396861 0.362894
0.633539 -0.464057 0.461772
0.920387 -0.321816 -0.523698
-0.694857 -0.399926 -0.161628
-0.652901 -0.476284 -0.317057
-0.510731 -0.420400 -0.363246
-0.326537 -0.473617 0.402599
0.362212 -0.311792 0.473342
0.068778 -0.453295 -0.450161
0.342930 -0.437313 -0.524968
1.120454 -0.325219 -0.315524
1.154475 -0.335204 -0.159327
-0.251733 -1.088175 0.365730
0.819158 -0.613333 0.378734
0.936770 -0.659108 0.257858
0.663445 -0.601569 -0.587519
-0.640077 -0.786389 -0.256512
-0.822626 -0.946787 0.109207
1.066127 -0.586132 -0.320127
0.573268 -0.644220 0.441535
0.847946 -0.845962 -0.422411
-0.535745 -0.730430 -0.313322
-0.359272 -0.630722 -0.329192
-0.284425 -0.752815 0.327501
-0.282446 -0.798113 0.448012
-0.028800 -0.690143 0.385350
0.267635 -0.752595 -0.521008
-0.487229 -0.871630 0.485814
-0.735454 -0.916161 0.289459
0.996600 -0.720643 0.126072
-0.601204 -1.137459 -0.203879
-0.337350 -1.122855 0.197099
-0.197854 -0.936888 0.313464
-0.670453 -1.231147 -0.306708
-0.117103 -1.148381 0.217034
-0.738566 -0.843099 -0.083273
-0.409846 -0.785607 0.497918
-0.449554 -0.700226 0.451063
-0.547216 -0.647472 0.376129
-0.522983 -0.803978 0.488888
-0.530036 -1.179539 0.108840
-0.643357 -1.019863 -0.193973
-0.826988 -0.774868 0.076190
-0.835611 -0.853097 0.215348
-0.303455 -0.746705 0.424068
-0.085326 -1.094415 0.228967
-0.725114 -0.625674 -0.002163
-0.623752 -1.092644 -0.233817
-0.806089 -0.775736 0.026819
-0.746624 -0.740160 -0.049927
-0.748239 -0.674877 0.053461
-0.598082 -1.156413 -0.048800
-0.724025 -1.070534 0.220209
-0.570250 -1.116427 0.289123
-0.719014 -0.684987 0.392307
-0.777368 -0.708522 0.337773
-0.703910 -0.612800 0.239299
-0.626518 -1.114294 0.234709
-0.210018 -1.068454 0.130428
-0.811322 -0.747321 0.212128
-0.742851 -1.003376 -0.005770
-0.462395 -0.925798 0.441705
-0.630897 -0.912473 0.394135
-0.702637 -0.974436 0.381775
-0.694819 -1.029737 0.305403
-0.649729 -1.076740 0.343826
-0.548721 -1.022376 0.401469
-0.600056 -0.923609 -0.214813
-0.471684 -1.074361 0.383292
-0.111949 -1.121831 0.302891
-0.285167 -0.939220 0.399108
-0.371432 -1.068711 0.397687
-0.474915 -1.008281 0.411400
-0.384746 -0.997880 0.393327
-0.824018 -0.898197 0.175909
-0.311313 -0.782915 0.468387
-0.682643 -0.839384 -0.185783
-0.388802 -0.836677 0.500873
-0.731353 -0.899655 -0.092671
-0.262950 -0.781203 0.370129
-0.494346 -0.637187 0.328693
-0.415750 -1.136257 0.232879
-0.753939 -0.854768 0.446389
-0.718490 -0.931660 0.330289
-0.132793 -1.023665 0.205554
-0.166198 -1.016302 0.311544
-0.645368 -1.175956 -0.037985
-0.678352 -1.136396 0.032270
-0.606040 -1.180901 0.053985
-0.531641 -1.178595 0.064856
-0.491922 -1.164780 0.044653
-0.499514 -1.033579 -0.156618
-0.604733 -1.165147 -0.164835
-0.248540 -0.975573 0.363814
-0.315648 -0.996522 0.386323
-0.206885 -1.127955 0.184393
-0.212158 -1.061641 0.368533
-0.656357 -1.090446 -0.205425
-0.795817 -0.981415 0.154784
-0.676700 -0.921849 -0.173048
-0.306682 -0.882733 0.465752
-0.680867 -0.928629 0.400158
-0.713887 -0.997350 -0.074761
-0.802867 -1.005303 0.121714
-0.360285 -1.122046 0.105550
-0.814285 -0.837668 0.038557
-0.728188 -0.768493 -0.104132
-0.379680 -0.705945 0.419092
-0.645800 -0.655635 0.373248
-0.584682 -0.853905 0.454549
-0.605822 -1.145791 0.128866
-0.536245 -0.710308 0.471132
-0.546230 -0.990810 -0.186933
-0.699547 -1.104324 0.080273
-0.658641 -0.173367 -0.168603
-0.655820 -0.288622 -0.032203
-0.659720 -0.377111 0.034947
-0.574380 -0.292924 0.122157
-0.628509 -0.200433 0.096196
-0.596451 -0.263308 0.044042
-0.569513 -0.175314 0.124453
-0.559320 -0.192822 0.107432
-0.595457 -0.044865 -0.183615
-0.564506 -0.085961 0.095679
-0.608643 -0.174574 0.119291
-0.662411 -0.213282 0.008350
-0.590195 -0.846799 0.459391
-0.378812 -0.449563 0.626324
-0.667869 -0.710200 0.421872
-0.190562 -0.742059 0.576030
-0.647207 -0.796779 0.467348
-0.362453 -0.609665 0.663526
-0.383584 -0.808648 0.524679
-0.523574 -0.542707 0.508800
-0.507741 -0.723001 0.599257
-0.760179 -0.853401 0.344579
-1.011223 -0.541455 0.086966
-0.739506 -0.688767 0.326166
-0.989918 -0.770690 -0.032952
-0.768954 -0.772804 0.379942
-1.063368 -0.648452 0.048846
-0.858743 -0.819048 0.174320
-0.849694 -0.618689 0.248662
-0.886883 -0.760155 0.268276
1824
180 3
3 50
180 50
100 158
158 171
100 171
14 107
107 97
14 97
146 216
216 247
146 247
45 163
163 169
45 169
4 62
62 1
4 1
6 9
9 10
6 10
13 14
14 11
13 11
45 17
17 47
45 47
257 130
130 25
257 25
26 27
27 205
26 205
176 289
289 287
176 287
264 35
35 285
264 285
160 37
37 36
160 36
39 43
43 42
39 42
109 43
43 40
109 40
45 47
47 44
45 44
48 47
47 16
48 16
49 52
52 54
49 54
57 60
60 198
57 198
55 58
58 59
55 59
61 173
173 186
61 186
172 173
173 61
172 61
176 177
177 76
176 76
87 86
86 83
87 83
84 86
86 87
84 87
212 284
284 96
212 96
10 167
167 6
10 6
133 8
8 56
133 56
20 51
51 136
20 136
51 53
53 136
51 136
107 109
109 108
107 108
99 132
132 104
99 104
9 6
6 168
9 168
291 102
102 101
291 101
7 198
198 60
7 60
5 50
50 3
5 3
105 135
135 129
105 129
39 42
42 88
39 88
150 80
80 196
150 196
252 217
217 197
252 197
87 83
83 198
87 198
90 199
199 153
90 153
83 81
81 150
83 150
183 63
63 112
183 112
212 95
95 282
212 282
138 77
77 18
138 18
224 263
263 261
224 261
278 215
215 221
278 221
132 135
135 104
132 104
98 114
114 112
98 112
110 290
290 289
110 289
108 97
97 107
108 107
129 131
131 105
129 105
138 290
290 110
138 110
134 129
129 135
134 135
53 108
108 109
53 109
138 110
110 77
138 77
143 115
115 144
143 144
254 213
213 145
254 145
147 229
229 228
147 228
130 129
129 134
130 134
136 126
126 20
136 20
6 202
202 187
6 187
44 153
153 163
44 163
240 194
194 159
240 159
192 168
168 186
192 186
239 235
235 274
239 274
169 199
199 188
169 188
153 149
149 195
153 195
154 193
193 191
154 191
148 158
158 17
148 17
159 160
160 36
159 36
163 45
45 44
163 44
225 165
165 286
225 286
238 230
230 226
238 226
157 168
168 192
157 192
150 162
162 198
150 198
77 110
110 140
77 140
178 181
181 92
178 92
174 180
180 84
174 84
175 69
69 65
175 65
184 114
114 141
184 141
94 218
218 242
94 242
231 130
130 257
231 257
244 185
185 269
244 269
150 198
198 83
150 83
186 187
187 61
186 61
115 156
156 155
115 155
194 195
195 149
194 149
68 193
193 148
68 148
151 197
197 248
151 248
25 258
258 257
25 257
93 260
260 164
93 164
270 220
220 206
270 206
214 116
116 220
214 220
130 231
231 129
130 129
266 267
267 269
266 269
267 244
244 269
267 269
204 185
185 244
204 244
204 268
268 185
204 185
267 246
246 244
267 244
205 258
258 25
205 25
224 265
265 203
224 203
35 224
224 203
35 203
270 214
214 220
270 220
93 270
270 206
93 206
164 214
214 270
164 270
116 203
203 220
116 220
116 214
214 240
116 240
285 116
116 240
285 240
224 261
261 259
224 259
259 261
261 260
259 260
260 93
93 259
260 259
231 257
257 268
231 268
258 218
218 257
258 257
251 272
272 275
251 275
256 201
201 237
256 237
236 256
256 237
236 237
274 95
95 255
274 255
190 117
117 278
190 278
249 208
208 72
249 72
239 241
241 245
239 245
242 269
269 185
242 185
242 258
258 269
242 269
242 218
218 258
242 258
233 286
286 276
233 276
238 239
239 236
238 236
225 286
286 283
225 283
260 275
275 164
260 164
260 286
286 275
260 275
237 225
225 238
237 238
241 244
244 246
241 246
276 165
165 225
276 225
236 255
255 256
236 256
228 146
146 255
228 255
254 145
145 204
254 204
247 117
117 190
247 190
262 263
263 145
262 145
277 263
263 131
277 131
261 286
286 260
261 260
261 263
263 262
261 262
75 279
279 222
75 222
224 259
259 265
224 265
206 203
203 265
206 265
207 218
218 94
207 94
207 268
268 218
207 218
268 257
257 218
268 218
96 281
281 227
96 227
248 209
209 250
248 250
278 208
208 190
278 190
232 216
216 146
232 146
216 215
215 117
216 117
232 118
118 223
232 223
95 96
96 255
95 255
204 244
244 254
204 254
262 213
213 261
262 261
226 241
241 238
226 238
212 96
96 95
212 95
284 212
212 209
284 209
222 279
279 221
222 221
266 27
27 243
266 243
268 242
242 185
268 185
268 207
207 242
268 242
207 94
94 242
207 242
265 259
259 206
265 206
220 203
203 206
220 206
93 206
206 259
93 259
34 131
131 224
34 224
204 231
231 268
204 268
293 294
294 138
293 138
294 290
290 138
294 138
292 290
290 294
292 294
296 128
128 297
296 297
291 298
298 288
291 288
20 127
127 24
20 24
298 295
295 287
298 287
11 112
112 63
11 63
145 263
263 277
145 277
82 19
19 78
82 78
89 12
12 65
89 65
33 48
48 103
33 103
1 121
121 4
1 4
219 75
75 222
219 222
136 29
29 126
136 126
28 88
88 70
28 70
16 99
99 104
16 104
7 170
170 198
7 198
4 3
3 62
4 62
2 5
5 4
2 4
9 8
8 10
9 10
14 12
12 15
14 15
22 18
18 21
22 21
16 47
47 17
16 17
22 19
19 23
22 23
22 20
20 24
22 24
31 28
28 30
31 30
31 29
29 32
31 32
36 264
264 285
36 285
109 41
41 43
109 43
41 42
42 43
41 43
50 53
53 52
50 52
46 47
47 48
46 48
44 47
47 46
44 46
53 54
54 52
53 52
58 162
162 59
58 59
57 58
58 60
57 60
55 60
60 58
55 58
175 66
66 67
175 67
186 173
173 174
186 174
67 64
64 68
67 68
68 69
69 67
68 67
178 74
74 177
178 177
175 67
67 69
175 69
177 72
72 75
177 75
79 253
253 280
79 280
76 177
177 75
76 75
140 79
79 77
140 77
80 280
280 217
80 217
80 81
81 79
80 79
179 79
79 81
179 81
84 85
85 86
84 86
181 91
91 92
181 92
90 181
181 182
90 182
4 137
137 2
4 2
266 205
205 27
266 27
119 172
172 142
119 142
18 127
127 138
18 138
100 123
123 125
100 125
100 125
125 99
100 99
101 102
102 126
101 126
134 56
56 55
134 55
135 103
103 106
135 106
139 111
111 219
139 219
104 135
135 106
104 106
289 111
111 110
289 110
115 113
113 144
115 144
113 184
184 144
113 144
168 7
7 9
168 9
254 244
244 241
254 241
120 98
98 122
120 122
17 99
99 16
17 16
13 65
65 12
13 12
100 17
17 158
100 158
11 175
175 13
11 13
15 107
107 14
15 14
38 15
15 12
38 12
37 48
48 33
37 33
44 37
37 160
44 160
295 30
30 287
295 287
70 30
30 28
70 28
126 295
295 101
126 101
55 130
130 134
55 134
21 78
78 19
21 19
77 21
21 18
77 18
23 51
51 20
23 20
19 54
54 23
19 23
7 56
56 8
7 8
32 40
40 43
32 43
39 32
32 43
39 43
25 59
59 205
25 205
2 50
50 5
2 5
26 59
59 162
26 162
52 180
180 50
52 50
53 2
2 137
53 137
82 52
52 49
82 49
72 194
194 189
72 189
42 38
38 89
42 89
62 172
172 1
62 1
68 64
64 193
68 193
71 194
194 74
71 74
182 188
188 90
182 90
152 84
84 87
152 87
153 91
91 90
153 90
65 182
182 89
65 89
78 85
85 82
78 82
83 86
86 81
83 81
92 71
71 178
92 178
174 3
3 180
174 180
253 147
147 211
253 211
88 178
178 70
88 70
66 191
191 64
66 64
248 280
280 210
248 210
11 122
122 98
11 98
97 122
122 14
97 14
16 106
106 48
16 48
124 99
99 125
124 125
126 102
102 128
126 128
34 33
33 131
34 131
219 76
76 75
219 75
106 103
103 48
106 48
40 136
136 109
40 109
223 221
221 215
223 215
102 297
297 128
102 128
247 216
216 117
247 117
33 105
105 131
33 131
127 128
128 296
127 296
141 98
98 120
141 120
97 121
121 122
97 122
122 119
119 120
122 120
123 10
10 125
123 125
125 8
8 124
125 124
128 20
20 126
128 126
231 131
131 129
231 129
135 133
133 134
135 134
139 140
140 110
139 110
136 53
53 109
136 109
53 137
137 108
53 108
144 142
142 143
144 143
120 142
142 141
120 141
226 230
230 213
226 213
253 139
139 229
253 229
124 133
133 132
124 132
137 97
97 108
137 108
166 154
154 155
166 155
167 123
123 166
167 166
87 170
170 152
87 152
155 156
156 166
155 166
153 199
199 163
153 163
26 252
252 161
26 161
159 149
149 160
159 160
187 168
168 6
187 6
148 193
193 158
148 158
17 169
169 148
17 148
240 36
36 285
240 285
33 264
264 37
33 37
27 26
26 161
27 161
57 198
198 162
57 162
123 171
171 166
123 166
156 167
167 166
156 166
192 170
170 157
192 157
6 167
167 202
6 202
160 153
153 44
160 44
169 163
163 199
169 199
193 171
171 158
193 158
276 286
286 165
276 165
176 111
111 289
176 289
150 26
26 162
150 162
142 184
184 141
142 141
183 66
66 63
183 63
81 85
85 179
81 179
142 61
61 143
142 143
183 114
114 184
183 184
89 181
181 42
89 42
73 178
178 177
73 177
88 42
42 181
88 181
173 3
3 174
173 174
176 73
73 177
176 177
195 91
91 153
195 153
172 62
62 173
172 173
191 193
193 64
191 64
192 84
84 152
192 152
188 199
199 90
188 90
143 187
187 202
143 202
274 235
235 95
274 95
174 192
192 186
174 186
115 202
202 156
115 156
155 191
191 115
155 115
148 188
188 68
148 68
271 247
247 190
271 190
250 200
200 234
250 234
251 249
249 272
251 272
252 150
150 196
252 196
240 189
189 194
240 194
266 258
258 205
266 205
201 247
247 271
201 271
116 35
35 203
116 203
267 266
266 243
267 243
267 243
243 246
267 246
35 34
34 224
35 224
273 246
246 243
273 243
93 164
164 270
93 270
233 251
251 275
233 275
190 251
251 233
190 233
151 248
248 250
151 250
200 235
235 234
200 234
271 190
190 276
271 276
236 274
274 255
236 255
189 249
249 72
189 72
245 241
241 246
245 246
234 239
239 245
234 245
234 235
235 239
234 239
273 234
234 245
273 245
240 214
214 272
240 272
250 273
273 151
250 151
243 161
161 151
243 151
243 151
151 273
243 273
249 240
240 272
249 272
238 225
225 230
238 230
197 161
161 252
197 252
233 276
276 190
233 190
237 271
271 225
237 225
201 271
271 237
201 237
236 239
239 274
236 274
214 275
275 272
214 272
286 233
233 275
286 275
146 256
256 255
146 255
271 276
276 225
271 225
236 237
237 238
236 238
277 204
204 145
277 145
147 227
227 281
147 281
147 253
253 229
147 229
139 223
223 118
139 118
227 228
228 255
227 255
226 213
213 254
226 254
213 262
262 145
213 145
253 210
210 280
253 280
208 278
278 221
208 221
278 117
117 215
278 215
279 75
75 72
279 72
282 200
200 212
282 212
228 229
229 232
228 232
118 232
232 229
118 229
281 211
211 147
281 147
96 211
211 281
96 281
282 95
95 235
282 235
200 209
209 212
200 212
283 230
230 225
283 225
208 249
249 251
208 251
190 208
208 251
190 251
217 196
196 80
217 80
228 232
232 146
228 146
284 211
211 96
284 96
216 232
232 215
216 215
215 232
232 223
215 223
255 96
96 227
255 227
286 261
261 283
286 283
261 213
213 283
261 283
238 241
241 239
238 239
226 254
254 241
226 241
118 229
229 139
118 139
209 210
210 284
209 284
292 289
289 290
292 290
72 208
208 279
72 279
221 279
279 208
221 208
116 285
285 35
116 35
201 146
146 247
201 247
223 219
219 222
223 222
224 131
131 263
224 263
197 217
217 248
197 248
294 291
291 292
294 292
288 292
292 291
288 291
287 289
289 288
287 288
287 73
73 176
287 176
293 297
297 291
293 291
293 296
296 297
293 297
298 291
291 101
298 101
298 287
287 288
298 288
101 295
295 298
101 298
99 124
124 132
99 132
11 98
98 112
11 112
82 49
49 19
82 19
89 38
38 12
89 12
1 119
119 121
1 121
136 40
40 29
136 29
28 39
39 88
28 88
7 157
157 170
7 170
4 5
5 3
4 3
9 7
7 8
9 8
14 13
13 12
14 12
22 24
24 18
22 18
22 21
21 19
22 19
22 23
23 20
22 20
31 32
32 28
31 28
31 295
295 29
31 29
36 37
37 264
36 264
109 107
107 41
109 41
41 38
38 42
41 42
50 2
2 53
50 53
53 51
51 54
53 54
58 57
57 162
58 162
55 56
56 60
55 60
175 63
63 66
175 66
67 66
66 64
67 64
68 188
188 69
68 69
178 71
71 74
178 74
177 74
74 72
177 72
79 140
140 253
79 253
80 79
79 280
80 280
80 150
150 81
80 81
179 77
77 79
179 79
84 180
180 85
84 85
181 90
90 91
181 91
4 121
121 137
4 137
119 1
1 172
119 172
18 24
24 127
18 127
134 133
133 56
134 56
135 105
105 103
135 103
139 110
110 111
139 111
115 191
191 113
115 113
113 183
183 184
113 184
168 157
157 7
168 7
17 100
100 99
17 99
13 175
175 65
13 65
11 63
63 175
11 175
15 41
41 107
15 107
38 41
41 15
38 15
37 46
46 48
37 48
44 46
46 37
44 37
295 31
31 30
295 30
70 73
73 30
70 30
126 29
29 295
126 295
55 25
25 130
55 130
21 179
179 78
21 78
77 179
179 21
77 21
23 54
54 51
23 51
19 49
49 54
19 54
7 60
60 56
7 56
32 29
29 40
32 40
39 28
28 32
39 32
25 55
55 59
25 59
26 205
205 59
26 59
52 85
85 180
52 180
82 85
85 52
82 52
72 74
74 194
72 194
71 195
195 194
71 194
182 69
69 188
182 188
65 69
69 182
65 182
78 179
179 85
78 85
92 91
91 71
92 71
88 181
181 178
88 178
66 113
113 191
66 191
248 217
217 280
248 280
11 14
14 122
11 122
16 104
104 106
16 106
219 111
111 76
219 76
223 222
222 221
223 221
102 291
291 297
102 297
33 103
103 105
33 105
296 293
293 127
296 127
293 138
138 127
293 127
141 114
114 98
141 98
97 137
137 121
97 121
122 121
121 119
122 119
123 167
167 10
123 10
125 10
10 8
125 8
128 127
127 20
128 20
231 277
277 131
231 131
135 132
132 133
135 133
139 253
253 140
139 140
144 184
184 142
144 142
120 119
119 142
120 142
124 8
8 133
124 133
166 171
171 154
166 154
87 198
198 170
87 170
26 150
150 252
26 252
159 194
194 149
159 149
187 186
186 168
187 168
17 45
45 169
17 169
240 159
159 36
240 36
33 34
34 264
33 264
123 100
100 171
123 171
156 202
202 167
156 167
192 152
152 170
192 170
160 149
149 153
160 153
193 154
154 171
193 171
176 76
76 111
176 111
183 113
113 66
183 66
81 86
86 85
81 85
142 172
172 61
142 61
183 112
112 114
183 114
89 182
182 181
89 181
73 70
70 178
73 178
173 62
62 3
173 3
195 71
71 91
195 91
192 174
174 84
192 84
143 61
61 187
143 187
115 143
143 202
115 202
155 154
154 191
155 191
148 169
169 188
148 188
266 269
269 258
266 258
35 264
264 34
35 34
273 245
245 246
273 246
273 250
250 234
273 234
243 27
27 161
243 161
249 189
189 240
249 240
197 151
151 161
197 161
214 164
164 275
214 275
146 201
201 256
146 256
277 231
231 204
277 204
147 228
228 227
147 227
139 219
219 223
139 223
253 211
211 210
253 210
282 235
235 200
282 200
200 250
250 209
200 209
283 213
213 230
283 230
217 252
252 196
217 196
284 210
210 211
284 211
209 248
248 210
209 210
292 288
288 289
292 289
294 293
293 291
294 291
287 30
30 73
287 73
305 304
304 307
305 307
306 304
304 300
306 300
301 307
307 306
301 306
299 307
307 303
299 303
313 314
314 316
313 316
315 313
313 316
315 316
310 316
316 312
310 312
316 314
314 308
316 308
312 316
316 308
312 308
305 302
302 304
305 304
306 307
307 304
306 304
301 303
303 307
301 307
299 305
305 307
299 307
313 311
311 314
313 314
315 309
309 313
315 313
310 315
315 316
310 316
